0   00.00
0   00.00
0   00.00
0   00.00
0   00.00
0   00.00
0   00.00
0   00.00
0   00.00
0   00.00
0   00.00
0   00.00
10  00.00
10  00.00
10  00.00
10  00.00
10  00.00
10  00.00
10  00.00
10  00.00
10  00.00
10  00.00
10  00.00
10  00.00
100 00.01
100 00.01
100 00.01
100 00.01
100 00.01
100 00.01
100 00.01
100 00.01
100 00.02
100 00.02
100 00.02
100 00.02
1000    00.15
1000    00.15
1000    00.15
1000    00.15
1000    00.15
1000    00.15
1000    00.15
1000    00.15
1000    00.15
1000    00.15
1000    00.16
1000    00.16
1010    00.15
1010    00.15
1010    00.15
1010    00.15
1010    00.15
1010    00.15
1010    00.15
1010    00.15
1010    00.15
1010    00.16
1010    00.16
1010    00.16
1020    00.15
1020    00.15
1020    00.15
1020    00.15
1020    00.15
1020    00.16
1020    00.16
1020    00.16
1020    00.16
1020    00.16
1020    00.16
1020    00.17
1030    00.15
1030    00.15
1030    00.15
1030    00.15
1030    00.15
1030    00.16
1030    00.16
1030    00.16
1030    00.16
1030    00.16
1030    00.16
1030    00.16
1040    00.15
1040    00.15
1040    00.15
1040    00.16
1040    00.16
1040    00.16
1040    00.16
1040    00.16
1040    00.16
1040    00.16
1040    00.16
1040    00.17
1050    00.16
1050    00.16
1050    00.16
1050    00.16
1050    00.16
1050    00.16
1050    00.16
1050    00.16
1050    00.16
1050    00.16
1050    00.16
1050    00.17
1060    00.16
1060    00.16
1060    00.16
1060    00.16
1060    00.16
1060    00.16
1060    00.16
1060    00.16
1060    00.16
1060    00.16
1060    00.16
1060    00.17
1070    00.16
1070    00.16
1070    00.16
1070    00.16
1070    00.16
1070    00.16
1070    00.16
1070    00.16
1070    00.16
1070    00.16
1070    00.16
1070    00.17
1080    00.16
1080    00.16
1080    00.16
1080    00.16
1080    00.16
1080    00.16
1080    00.16
1080    00.16
1080    00.17
1080    00.17
1080    00.17
1080    00.17
1090    00.16
1090    00.16
1090    00.16
1090    00.16
1090    00.16
1090    00.16
1090    00.16
1090    00.17
1090    00.17
1090    00.17
1090    00.17
1090    00.18
110 00.02
110 00.02
110 00.02
110 00.02
110 00.02
110 00.02
110 00.02
110 00.02
110 00.02
110 00.02
110 00.02
110 00.02
1100    00.16
1100    00.16
1100    00.16
1100    00.16
1100    00.16
1100    00.17
1100    00.17
1100    00.17
1100    00.17
1100    00.17
1100    00.17
1100    00.18
1110    00.17
1110    00.17
1110    00.17
1110    00.17
1110    00.17
1110    00.17
1110    00.17
1110    00.17
1110    00.17
1110    00.17
1110    00.17
1110    00.18
1120    00.17
1120    00.17
1120    00.17
1120    00.17
1120    00.17
1120    00.17
1120    00.17
1120    00.17
1120    00.17
1120    00.17
1120    00.19
1120    00.26
1130    00.17
1130    00.17
1130    00.17
1130    00.17
1130    00.17
1130    00.17
1130    00.17
1130    00.17
1130    00.18
1130    00.18
1130    00.18
1130    00.18
1140    00.17
1140    00.17
1140    00.17
1140    00.17
1140    00.17
1140    00.17
1140    00.17
1140    00.17
1140    00.18
1140    00.18
1140    00.18
1140    00.18
1150    00.17
1150    00.17
1150    00.17
1150    00.17
1150    00.17
1150    00.17
1150    00.17
1150    00.17
1150    00.17
1150    00.17
1150    00.18
1150    00.18
1160    00.17
1160    00.17
1160    00.17
1160    00.17
1160    00.17
1160    00.17
1160    00.17
1160    00.17
1160    00.18
1160    00.18
1160    00.18
1160    00.19
1170    00.17
1170    00.17
1170    00.17
1170    00.17
1170    00.17
1170    00.17
1170    00.18
1170    00.18
1170    00.18
1170    00.18
1170    00.19
1170    00.19
1180    00.17
1180    00.17
1180    00.17
1180    00.17
1180    00.17
1180    00.17
1180    00.18
1180    00.18
1180    00.18
1180    00.18
1180    00.19
1180    00.20
1190    00.18
1190    00.18
1190    00.18
1190    00.18
1190    00.18
1190    00.18
1190    00.18
1190    00.18
1190    00.19
1190    00.19
1190    00.19
1190    00.22
120 00.02
120 00.02
120 00.02
120 00.02
120 00.02
120 00.02
120 00.02
120 00.02
120 00.02
120 00.02
120 00.02
120 00.02
1200    00.18
1200    00.18
1200    00.18
1200    00.18
1200    00.18
1200    00.18
1200    00.19
1200    00.19
1200    00.19
1200    00.19
1200    00.19
1200    00.27
130 00.02
130 00.02
130 00.02
130 00.02
130 00.02
130 00.02
130 00.02
130 00.02
130 00.02
130 00.02
130 00.02
130 00.02
140 00.02
140 00.02
140 00.02
140 00.02
140 00.02
140 00.02
140 00.02
140 00.02
140 00.02
140 00.02
140 00.02
140 00.02
150 00.02
150 00.02
150 00.02
150 00.02
150 00.02
150 00.02
150 00.02
150 00.02
150 00.02
150 00.02
150 00.02
150 00.02
160 00.02
160 00.02
160 00.02
160 00.02
160 00.02
160 00.02
160 00.02
160 00.02
160 00.02
160 00.02
160 00.02
160 00.02
170 00.02
170 00.02
170 00.02
170 00.02
170 00.02
170 00.02
170 00.02
170 00.02
170 00.02
170 00.03
170 00.03
170 00.03
180 00.02
180 00.02
180 00.02
180 00.03
180 00.03
180 00.03
180 00.03
180 00.03
180 00.03
180 00.03
180 00.03
180 00.03
190 00.03
190 00.03
190 00.03
190 00.03
190 00.03
190 00.03
190 00.03
190 00.03
190 00.03
190 00.03
190 00.03
190 00.03
20  00.00
20  00.00
20  00.00
20  00.00
20  00.00
20  00.00
20  00.00
20  00.00
20  00.00
20  00.00
20  00.00
20  00.01
200 00.03
200 00.03
200 00.03
200 00.03
200 00.03
200 00.03
200 00.03
200 00.03
200 00.03
200 00.03
200 00.03
200 00.03
210 00.03
210 00.03
210 00.03
210 00.03
210 00.03
210 00.03
210 00.03
210 00.03
210 00.03
210 00.03
210 00.03
210 00.03
220 00.03
220 00.03
220 00.03
220 00.03
220 00.03
220 00.03
220 00.03
220 00.03
220 00.03
220 00.03
220 00.03
220 00.03
230 00.03
230 00.03
230 00.03
230 00.03
230 00.03
230 00.03
230 00.03
230 00.03
230 00.03
230 00.03
230 00.03
230 00.04
240 00.03
240 00.03
240 00.03
240 00.03
240 00.03
240 00.03
240 00.03
240 00.03
240 00.03
240 00.03
240 00.04
240 00.04
250 00.04
250 00.04
250 00.04
250 00.04
250 00.04
250 00.04
250 00.04
250 00.04
250 00.04
250 00.04
250 00.04
250 00.04
260 00.04
260 00.04
260 00.04
260 00.04
260 00.04
260 00.04
260 00.04
260 00.04
260 00.04
260 00.04
260 00.04
260 00.04
270 00.04
270 00.04
270 00.04
270 00.04
270 00.04
270 00.04
270 00.04
270 00.04
270 00.04
270 00.04
270 00.04
270 00.08
280 00.04
280 00.04
280 00.04
280 00.04
280 00.04
280 00.04
280 00.04
280 00.04
280 00.04
280 00.04
280 00.04
280 00.06
290 00.04
290 00.04
290 00.04
290 00.04
290 00.04
290 00.04
290 00.04
290 00.04
290 00.04
290 00.04
290 00.04
290 00.05
30  00.00
30  00.00
30  00.00
30  00.00
30  00.00
30  00.00
30  00.00
30  00.00
30  00.00
30  00.01
30  00.01
30  00.01
300 00.04
300 00.04
300 00.04
300 00.04
300 00.04
300 00.04
300 00.04
300 00.04
300 00.04
300 00.04
300 00.04
300 00.04
310 00.04
310 00.04
310 00.04
310 00.04
310 00.04
310 00.04
310 00.04
310 00.04
310 00.04
310 00.04
310 00.05
310 00.05
320 00.05
320 00.05
320 00.05
320 00.05
320 00.05
320 00.05
320 00.05
320 00.05
320 00.05
320 00.05
320 00.05
320 00.05
330 00.05
330 00.05
330 00.05
330 00.05
330 00.05
330 00.05
330 00.05
330 00.05
330 00.05
330 00.05
330 00.05
330 00.05
340 00.05
340 00.05
340 00.05
340 00.05
340 00.05
340 00.05
340 00.05
340 00.05
340 00.05
340 00.05
340 00.05
340 00.05
350 00.05
350 00.05
350 00.05
350 00.05
350 00.05
350 00.05
350 00.05
350 00.05
350 00.05
350 00.05
350 00.05
350 00.05
360 00.05
360 00.05
360 00.05
360 00.05
360 00.05
360 00.05
360 00.05
360 00.05
360 00.05
360 00.05
360 00.05
360 00.06
370 00.05
370 00.05
370 00.05
370 00.05
370 00.05
370 00.05
370 00.05
370 00.05
370 00.05
370 00.05
370 00.05
370 00.05
380 00.05
380 00.05
380 00.05
380 00.05
380 00.05
380 00.05
380 00.05
380 00.05
380 00.05
380 00.05
380 00.05
380 00.06
390 00.06
390 00.06
390 00.06
390 00.06
390 00.06
390 00.06
390 00.06
390 00.06
390 00.06
390 00.06
390 00.06
390 00.06
40  00.00
40  00.00
40  00.00
40  00.00
40  00.00
40  00.00
40  00.00
40  00.00
40  00.00
40  00.01
40  00.01
40  00.01
400 00.06
400 00.06
400 00.06
400 00.06
400 00.06
400 00.06
400 00.06
400 00.06
400 00.06
400 00.06
400 00.06
400 00.06
410 00.06
410 00.06
410 00.06
410 00.06
410 00.06
410 00.06
410 00.06
410 00.06
410 00.06
410 00.06
410 00.06
410 00.09
420 00.06
420 00.06
420 00.06
420 00.06
420 00.06
420 00.06
420 00.06
420 00.06
420 00.06
420 00.06
420 00.06
420 00.07
430 00.06
430 00.06
430 00.06
430 00.06
430 00.06
430 00.06
430 00.06
430 00.06
430 00.06
430 00.06
430 00.06
430 00.08
440 00.06
440 00.06
440 00.06
440 00.06
440 00.06
440 00.06
440 00.06
440 00.06
440 00.06
440 00.06
440 00.06
440 00.07
450 00.06
450 00.06
450 00.06
450 00.06
450 00.06
450 00.06
450 00.07
450 00.07
450 00.07
450 00.07
450 00.07
450 00.07
460 00.07
460 00.07
460 00.07
460 00.07
460 00.07
460 00.07
460 00.07
460 00.07
460 00.07
460 00.07
460 00.07
460 00.07
470 00.07
470 00.07
470 00.07
470 00.07
470 00.07
470 00.07
470 00.07
470 00.07
470 00.07
470 00.07
470 00.07
470 00.07
480 00.07
480 00.07
480 00.07
480 00.07
480 00.07
480 00.07
480 00.07
480 00.07
480 00.07
480 00.07
480 00.07
480 00.08
490 00.07
490 00.07
490 00.07
490 00.07
490 00.07
490 00.07
490 00.07
490 00.07
490 00.07
490 00.07
490 00.08
490 00.08
50  00.01
50  00.01
50  00.01
50  00.01
50  00.01
50  00.01
50  00.01
50  00.01
50  00.01
50  00.01
50  00.01
50  00.02
500 00.07
500 00.07
500 00.07
500 00.07
500 00.07
500 00.07
500 00.07
500 00.07
500 00.07
500 00.07
500 00.07
500 00.08
510 00.07
510 00.07
510 00.07
510 00.07
510 00.07
510 00.07
510 00.07
510 00.07
510 00.07
510 00.07
510 00.08
510 00.08
520 00.07
520 00.07
520 00.07
520 00.07
520 00.07
520 00.07
520 00.07
520 00.07
520 00.07
520 00.08
520 00.08
520 00.08
530 00.07
530 00.07
530 00.07
530 00.07
530 00.07
530 00.08
530 00.08
530 00.08
530 00.08
530 00.08
530 00.08
530 00.08
540 00.08
540 00.08
540 00.08
540 00.08
540 00.08
540 00.08
540 00.08
540 00.08
540 00.08
540 00.08
540 00.08
540 00.09
550 00.08
550 00.08
550 00.08
550 00.08
550 00.08
550 00.08
550 00.08
550 00.08
550 00.08
550 00.08
550 00.08
550 00.08
560 00.08
560 00.08
560 00.08
560 00.08
560 00.08
560 00.08
560 00.08
560 00.08
560 00.08
560 00.08
560 00.09
560 00.09
570 00.08
570 00.08
570 00.08
570 00.08
570 00.08
570 00.08
570 00.08
570 00.08
570 00.08
570 00.08
570 00.08
570 00.08
580 00.08
580 00.08
580 00.08
580 00.08
580 00.08
580 00.08
580 00.08
580 00.08
580 00.08
580 00.08
580 00.09
580 00.09
590 00.08
590 00.08
590 00.09
590 00.09
590 00.09
590 00.09
590 00.09
590 00.09
590 00.09
590 00.09
590 00.09
590 00.09
60  00.01
60  00.01
60  00.01
60  00.01
60  00.01
60  00.01
60  00.01
60  00.01
60  00.01
60  00.01
60  00.02
60  00.02
600 00.09
600 00.09
600 00.09
600 00.09
600 00.09
600 00.09
600 00.09
600 00.09
600 00.09
600 00.09
600 00.09
600 00.09
610 00.09
610 00.09
610 00.09
610 00.09
610 00.09
610 00.09
610 00.09
610 00.09
610 00.09
610 00.09
610 00.09
610 00.09
620 00.09
620 00.09
620 00.09
620 00.09
620 00.09
620 00.09
620 00.09
620 00.09
620 00.09
620 00.09
620 00.09
620 00.09
630 00.09
630 00.09
630 00.09
630 00.09
630 00.09
630 00.09
630 00.09
630 00.09
630 00.09
630 00.09
630 00.10
630 00.10
640 00.09
640 00.09
640 00.09
640 00.09
640 00.09
640 00.09
640 00.09
640 00.09
640 00.10
640 00.10
640 00.10
640 00.10
650 00.09
650 00.09
650 00.09
650 00.09
650 00.10
650 00.10
650 00.10
650 00.10
650 00.10
650 00.10
650 00.10
650 00.17
660 00.09
660 00.09
660 00.09
660 00.09
660 00.10
660 00.10
660 00.10
660 00.10
660 00.10
660 00.10
660 00.10
660 00.11
670 00.10
670 00.10
670 00.10
670 00.10
670 00.10
670 00.10
670 00.10
670 00.10
670 00.10
670 00.10
670 00.10
670 00.10
680 00.10
680 00.10
680 00.10
680 00.10
680 00.10
680 00.10
680 00.10
680 00.10
680 00.10
680 00.10
680 00.10
680 00.10
690 00.10
690 00.10
690 00.10
690 00.10
690 00.10
690 00.10
690 00.10
690 00.10
690 00.10
690 00.10
690 00.10
690 00.10
70  00.01
70  00.01
70  00.01
70  00.01
70  00.01
70  00.01
70  00.01
70  00.01
70  00.01
70  00.01
70  00.02
70  00.02
700 00.10
700 00.10
700 00.10
700 00.10
700 00.10
700 00.10
700 00.10
700 00.10
700 00.10
700 00.10
700 00.10
700 00.10
710 00.10
710 00.10
710 00.10
710 00.10
710 00.10
710 00.10
710 00.10
710 00.10
710 00.10
710 00.10
710 00.11
710 00.11
720 00.10
720 00.10
720 00.10
720 00.10
720 00.10
720 00.10
720 00.10
720 00.10
720 00.11
720 00.11
720 00.11
720 00.11
730 00.10
730 00.10
730 00.10
730 00.10
730 00.10
730 00.10
730 00.10
730 00.11
730 00.11
730 00.11
730 00.12
730 00.18
740 00.10
740 00.10
740 00.10
740 00.10
740 00.10
740 00.10
740 00.10
740 00.10
740 00.10
740 00.11
740 00.11
740 00.11
750 00.10
750 00.10
750 00.10
750 00.10
750 00.10
750 00.10
750 00.10
750 00.10
750 00.11
750 00.11
750 00.11
750 00.11
760 00.11
760 00.11
760 00.11
760 00.11
760 00.11
760 00.11
760 00.11
760 00.11
760 00.11
760 00.11
760 00.11
760 00.12
770 00.11
770 00.11
770 00.11
770 00.11
770 00.11
770 00.11
770 00.11
770 00.11
770 00.11
770 00.11
770 00.11
770 00.11
780 00.11
780 00.11
780 00.11
780 00.11
780 00.11
780 00.11
780 00.11
780 00.11
780 00.11
780 00.11
780 00.12
780 00.12
790 00.11
790 00.11
790 00.11
790 00.11
790 00.11
790 00.11
790 00.11
790 00.11
790 00.11
790 00.11
790 00.12
790 00.18
80  00.01
80  00.01
80  00.01
80  00.01
80  00.01
80  00.01
80  00.01
80  00.01
80  00.01
80  00.02
80  00.02
80  00.02
800 00.11
800 00.11
800 00.11
800 00.11
800 00.11
800 00.11
800 00.11
800 00.11
800 00.11
800 00.11
800 00.12
800 00.12
810 00.11
810 00.11
810 00.11
810 00.11
810 00.11
810 00.11
810 00.12
810 00.12
810 00.12
810 00.12
810 00.12
810 00.12
820 00.11
820 00.11
820 00.11
820 00.12
820 00.12
820 00.12
820 00.12
820 00.12
820 00.12
820 00.12
820 00.13
820 00.13
830 00.12
830 00.12
830 00.12
830 00.12
830 00.12
830 00.12
830 00.12
830 00.12
830 00.12
830 00.12
830 00.13
830 00.13
840 00.12
840 00.12
840 00.12
840 00.12
840 00.12
840 00.12
840 00.12
840 00.12
840 00.12
840 00.13
840 00.13
840 00.20
850 00.12
850 00.12
850 00.12
850 00.12
850 00.12
850 00.12
850 00.12
850 00.12
850 00.12
850 00.13
850 00.13
850 00.13
860 00.12
860 00.12
860 00.12
860 00.12
860 00.12
860 00.12
860 00.12
860 00.13
860 00.13
860 00.13
860 00.13
860 00.13
870 00.13
870 00.13
870 00.13
870 00.13
870 00.13
870 00.13
870 00.13
870 00.13
870 00.13
870 00.13
870 00.13
870 00.13
880 00.13
880 00.13
880 00.13
880 00.13
880 00.13
880 00.13
880 00.13
880 00.13
880 00.13
880 00.13
880 00.14
880 00.16
890 00.13
890 00.13
890 00.13
890 00.13
890 00.13
890 00.13
890 00.13
890 00.13
890 00.13
890 00.13
890 00.14
890 00.17
90  00.01
90  00.01
90  00.01
90  00.01
90  00.01
90  00.01
90  00.01
90  00.01
90  00.01
90  00.02
90  00.02
90  00.02
900 00.13
900 00.13
900 00.13
900 00.13
900 00.13
900 00.13
900 00.13
900 00.14
900 00.14
900 00.14
900 00.14
900 00.14
910 00.13
910 00.13
910 00.13
910 00.13
910 00.13
910 00.13
910 00.13
910 00.13
910 00.13
910 00.13
910 00.14
910 00.14
920 00.13
920 00.13
920 00.13
920 00.13
920 00.13
920 00.14
920 00.14
920 00.14
920 00.14
920 00.14
920 00.14
920 00.14
930 00.13
930 00.13
930 00.13
930 00.13
930 00.14
930 00.14
930 00.14
930 00.14
930 00.14
930 00.14
930 00.14
930 00.15
940 00.14
940 00.14
940 00.14
940 00.14
940 00.14
940 00.14
940 00.14
940 00.14
940 00.14
940 00.14
940 00.14
940 00.15
950 00.14
950 00.14
950 00.14
950 00.14
950 00.14
950 00.14
950 00.14
950 00.14
950 00.14
950 00.14
950 00.15
950 00.15
960 00.14
960 00.14
960 00.14
960 00.14
960 00.14
960 00.14
960 00.14
960 00.14
960 00.14
960 00.15
960 00.15
960 00.15
970 00.14
970 00.14
970 00.14
970 00.14
970 00.14
970 00.14
970 00.14
970 00.14
970 00.15
970 00.15
970 00.15
970 00.15
980 00.14
980 00.14
980 00.14
980 00.14
980 00.14
980 00.14
980 00.14
980 00.15
980 00.15
980 00.15
980 00.16
980 00.16
990 00.15
990 00.15
990 00.15
990 00.15
990 00.15
990 00.15
990 00.15
990 00.15
990 00.15
990 00.16
990 00.16
990 00.16
